0 1.0 233 386 91 79
0 1.0 68 649 86 72
0 1.0 866 711 90 97
0 1.0 329 831 99 129
0 1.0 167 453 97 92
0 1.0 725 621 81 95
0 1.0 271 465 83 91
0 1.0 427 765 81 87
0 1.0 591 921 58 66
0 1.0 385 690 89 79
0 1.0 390 630 58 56
0 1.0 439 482 105 92
0 1.0 821 480 200 143
0 1.0 643 1149 213 140
0 1.0 542 825 82 89
0 1.0 1080 770 42 44
0 1.0 614 1293 69 68
0 1.0 289 1034 59 67
0 1.0 661 1018 162 122
0 0.99 192 809 66 64
0 0.99 115 1069 145 155
0 0.99 189 637 130 177
0 0.99 1104 1066 74 75
0 0.99 412 548 79 91
0 0.99 345 1085 187 97
0 0.99 592 477 80 102
0 0.99 1038 1117 41 46
0 0.99 726 862 24 29
0 0.98 357 1185 106 115
0 0.98 862 1064 182 162
0 0.98 528 606 63 56
0 0.98 150 879 148 149
0 0.97 865 941 129 129
0 0.97 535 523 57 72
0 0.97 904 1290 84 94
0 0.96 1163 826 154 193
0 0.95 561 644 55 67
0 0.95 483 589 51 57
0 0.95 490 835 60 58
0 0.86 454 1292 156 152
0 0.85 434 906 146 139
0 0.77 542 1060 25 22
0 0.73 251 1170 127 144
