0 1.0 521 1102 100 97
0 1.0 778 647 102 77
0 1.0 382 471 114 105
0 1.0 553 762 78 89
0 1.0 502 1013 89 98
0 1.0 412 782 81 89
0 1.0 287 426 68 90
0 1.0 985 1204 74 113
0 1.0 544 594 187 169
0 1.0 1106 1054 79 63
0 1.0 196 741 72 77
0 1.0 270 996 97 71
0 1.0 485 895 64 66
0 1.0 625 432 103 83
0 1.0 866 1167 43 47
0 1.0 302 1231 115 135
0 1.0 425 1042 56 60
0 1.0 901 452 68 68
0 1.0 657 995 48 71
0 0.99 1120 675 44 43
0 0.99 707 552 73 76
0 0.99 371 700 77 90
0 0.99 229 820 82 55
0 0.99 790 871 73 91
0 0.99 934 526 42 46
0 0.99 993 596 69 70
0 0.99 206 1106 59 67
0 0.99 421 1244 81 65
0 0.98 386 615 59 69
0 0.98 488 457 89 100
0 0.98 933 616 23 26
0 0.98 837 756 170 144
0 0.96 1222 1061 154 164
0 0.88 1229 799 181 172
0 0.86 1085 716 105 146
0 0.86 244 560 127 189
0 0.84 961 901 137 161
0 0.83 708 1143 20 27
0 0.79 630 772 141 176
0 0.74 1112 861 165 186
